{
 "templeR0032": [
  [
   1.0,
   0.0,
   0.0,
   0.0
  ],
  [
   0.0,
   1.0,
   0.0,
   0.0
  ],
  [
   0.0,
   0.0,
   1.0,
   0.0
  ]
 ],
 "templeR0047": [
  [
   0.9999595522983908,
   -0.008229416630065767,
   -0.003629114097183291,
   0.03115173413326792
  ],
  [
   0.0077667633785400425,
   0.9935666700213449,
   -0.11298207649586703,
   0.9974950524941643
  ],
  [
   0.004535543387880467,
   0.1129493201600843,
   0.993590398464856,
   0.06350739886151043
  ]
 ],
 "templeR0033": [
  [
   0.9998374535879802,
   0.008288905609781145,
   -0.016011259990885474,
   0.13764762182682483
  ],
  [
   -0.0067295446599406105,
   0.9954448192321733,
   0.09510165662329782,
   -0.8546287051448446
  ],
  [
   0.01672661446239065,
   -0.09497844970106599,
   0.9953387938089265,
   -0.021547450675366033
  ]
 ],
 "templeR0034": [
  [
   0.9995651609137153,
   0.024211378591418205,
   -0.01683146559992313,
   0.14580109993172616
  ],
  [
   -0.02025408085366675,
   0.9785870144021209,
   0.2048346344061867,
   -1.8551279601731538
  ],
  [
   0.02143038255168371,
   -0.2044046584357755,
   0.9786518657384976,
   0.13326194093354157
  ]
 ],
 "templeR0035": [
  [
   0.9988870668669202,
   0.04310605115298107,
   -0.019144085248385234,
   0.1662527646771725
  ],
  [
   -0.034683548027422205,
   0.946370953299012,
   0.3212149906964941,
   -2.9128556679837003
  ],
  [
   0.0319637160266193,
   -0.3201935150903526,
   0.9468127765043381,
   0.40152955102522253
  ]
 ],
 "templeR0036": [
  [
   0.9983659135999209,
   0.05685717783580381,
   -0.005723975047382869,
   0.04899283039575079
  ],
  [
   -0.04870408629410293,
   0.8990168017623926,
   0.43519731401649914,
   -3.9499397305044854
  ],
  [
   0.029890040817166133,
   -0.43420738302966083,
   0.9003169075289442,
   0.8297050901890277
  ]
 ],
 "templeR0046": [
  [
   0.9996042322787614,
   -0.02079190454875576,
   0.01894928799779872,
   -0.1695388331855459
  ],
  [
   0.025919808311143665,
   0.9425217413593819,
   -0.3331380053401169,
   2.9530705581011363
  ],
  [
   -0.010933542312611084,
   0.333497321983421,
   0.9426876438579137,
   0.4910195170505802
  ]
 ],
 "templeR0045": [
  [
   0.9988195621757279,
   -0.04845552653208332,
   -0.003397670317427404,
   0.026498265546832222
  ],
  [
   0.04118876261793315,
   0.8819524048577335,
   -0.4695353462729553,
   4.180621059050236
  ],
  [
   0.025748165936448957,
   0.4688411431542235,
   0.8829071380596886,
   1.0242681548564307
  ]
 ],
 "templeR0044": [
  [
   0.998055369893625,
   -0.06205830117867997,
   0.00585199806184006,
   -0.05667327191773852
  ],
  [
   0.05342894761756874,
   0.8033437122902645,
   -0.5931140088382468,
   5.29394720772451
  ],
  [
   0.03210648194646414,
   0.5922732875780513,
   0.8050972156444887,
   1.7118560836208458
  ]
 ],
 "templeR0037": [
  [
   0.9975160502345939,
   0.07036516475413807,
   0.0032362190127235776,
   -0.03042251862427528
  ],
  [
   -0.06046932207645348,
   0.8318568150040532,
   0.55168623366813,
   -5.005938682839851
  ],
  [
   0.03612742188406809,
   -0.5505115647472226,
   0.8340454582740531,
   1.403478746626522
  ]
 ],
 "templeR0038": [
  [
   0.9963397216076433,
   0.08454274676568704,
   0.012636578497236754,
   -0.11478224704258409
  ],
  [
   -0.07212652735121669,
   0.7520974845441428,
   0.6550932283229822,
   -5.946430908005831
  ],
  [
   0.045879442009009924,
   -0.6536068372589792,
   0.7554423731094624,
   2.1098121606915314
  ]
 ],
 "templeR0043": [
  [
   0.9969805387910132,
   -0.07683726460963157,
   0.011217844681157153,
   -0.10697954292369392
  ],
  [
   0.06290367709980606,
   0.7144525665094851,
   -0.6968505274557328,
   6.230970884117285
  ],
  [
   0.04552947044831998,
   0.6954520579991976,
   0.7171286511814853,
   2.529247490399723
  ]
 ],
 "templeR0039": [
  [
   0.995194285851998,
   0.09443413303815013,
   0.02589455396149072,
   -0.23209375606221713
  ],
  [
   -0.08191501029226483,
   0.6580047790440059,
   0.7485450165782063,
   -6.796882693113602
  ],
  [
   0.053649459422716844,
   -0.7470688758558891,
   0.6625781691476624,
   2.9422462669692804
  ]
 ],
 "templeR0042": [
  [
   0.9960766814278499,
   -0.08556176417279185,
   0.02259268083519763,
   -0.20936933107453962
  ],
  [
   0.07032274280704526,
   0.6103279981852681,
   -0.7890211952002669,
   7.0625911358389395
  ],
  [
   0.053721099763274764,
   0.7875143929750129,
   0.6139504249509249,
   3.46851960077932
  ]
 ],
 "templeR0013": [
  [
   -0.9941273595384916,
   0.1068637745737327,
   -0.017056573538697536,
   0.3104414385639491
  ],
  [
   -0.07486472181851223,
   -0.5653349412278337,
   0.8214570455318757,
   -7.543127903243489
  ],
  [
   0.0781413235366751,
   0.8179098592820457,
   0.5700152591336124,
   3.850097777984191
  ]
 ],
 "templeR0014": [
  [
   -0.9925703023996888,
   0.11806099823261815,
   -0.02942440297623658,
   0.4215342183886186
  ],
  [
   -0.07950539432010423,
   -0.4462689047336569,
   0.8913601724004876,
   -8.17212024993705
  ],
  [
   0.09210367564975334,
   0.88707703462785,
   0.45233974794137277,
   4.917474745970536
  ]
 ],
 "templeR0015": [
  [
   -0.9910842341661165,
   0.1255067693267149,
   -0.044722384110568426,
   0.5607417179094327
  ],
  [
   -0.08307876953461303,
   -0.31971309892340394,
   0.943865166445615,
   -8.643555046267693
  ],
  [
   0.1041631357053785,
   0.9391653662853867,
   0.327289559763306,
   6.048286461268671
  ]
 ],
 "templeR0016": [
  [
   -0.9897138584111068,
   0.12885268707485004,
   -0.06215676554157643,
   0.7178835670761362
  ],
  [
   -0.08576397743056652,
   -0.18665103294475038,
   0.9786756010425248,
   -8.954755278709065
  ],
  [
   0.11450335647608328,
   0.973939616677671,
   0.19578203293832308,
   7.239696858281034
  ]
 ],
 "templeR0017": [
  [
   -0.988634880301353,
   0.12694282742519217,
   -0.08053938177579542,
   0.8821639944772309
  ],
  [
   -0.08701687797787311,
   -0.04632667569388804,
   0.9951290881419038,
   -9.098215181950227
  ],
  [
   0.12259337828167305,
   0.9908276124959633,
   0.05684633600361033,
   8.50164979030119
  ]
 ],
 "templeR0018": [
  [
   -0.9841294409527414,
   0.1450993441746364,
   -0.10215392195180345,
   1.0824873405263984
  ],
  [
   -0.08489036472936533,
   0.12056677197508847,
   0.9890688952098442,
   -9.025517336293328
  ],
  [
   0.1558296166528047,
   0.9820437025996333,
   -0.10633577365234437,
   9.966183999486846
  ]
 ],
 "templeR0019": [
  [
   -0.9800259322249141,
   0.15320274743480378,
   -0.12679940987684427,
   1.3116608441098911
  ],
  [
   -0.07949825849255716,
   0.282636237599019,
   0.9559271855599261,
   -8.708485301236333
  ],
  [
   0.1822887793127673,
   0.946913763430598,
   -0.26481149061617903,
   11.387504750038477
  ]
 ],
 "templeR0020": [
  [
   -0.9793448507509405,
   0.14218977647900505,
   -0.14375580256973575,
   1.4632251188808245
  ],
  [
   -0.07413498402738605,
   0.40894757789715497,
   0.9095415783103651,
   -8.287023063608546
  ],
  [
   0.18811610098786724,
   0.9014121953894907,
   -0.3899594678325189,
   12.531886510151391
  ]
 ],
 "templeR0021": [
  [
   -0.9776859649340559,
   0.13318786414078967,
   -0.1624535220196183,
   1.6320771496351034
  ],
  [
   -0.06719527492241731,
   0.5344203071897505,
   0.8425436073529452,
   -7.67612034934689
  ],
  [
   0.19903504465059615,
   0.8346591688281079,
   -0.5135456385678956,
   13.640008799095085
  ]
 ],
 "templeR0022": [
  [
   -0.9766395973322279,
   0.1197514648147581,
   -0.1784227664774412,
   1.7745500290286147
  ],
  [
   -0.061525471370045076,
   0.6397255206466912,
   0.7661369816201371,
   -6.984889683425751
  ],
  [
   0.2058876229777728,
   0.7592172580414913,
   -0.6174135095675526,
   14.580983411754517
  ]
 ],
 "templeR0023": [
  [
   -0.9760429210861006,
   0.10377794328263096,
   -0.1912337697315487,
   1.8892507493937385
  ],
  [
   -0.05430450830312416,
   0.7349117558401542,
   0.6759850083440441,
   -6.169680604197057
  ],
  [
   0.21069227934518125,
   0.6701752379907574,
   -0.7116698067280667,
   15.432779479637686
  ]
 ],
 "templeR0024": [
  [
   -0.9751731189859002,
   0.0881700761789767,
   -0.20313400915135993,
   1.9947963827510624
  ],
  [
   -0.045846087162316265,
   0.8170559671305151,
   0.5747327055843656,
   -5.253872412941839
  ],
  [
   0.21664608073818603,
   0.5697767845770949,
   -0.7927287628550955,
   16.161254776557644
  ]
 ],
 "templeR0025": [
  [
   -0.9750223270665304,
   0.06980467763349346,
   -0.21085248090134515,
   2.064143669950227
  ],
  [
   -0.03754805689710075,
   0.8838611406176948,
   0.4662398819591053,
   -4.274456256015607
  ],
  [
   0.21891003893156694,
   0.4625113956287698,
   -0.8591633161212759,
   16.76815862449234
  ]
 ],
 "templeR0026": [
  [
   -0.973292028471501,
   0.054541010098741884,
   -0.22299754602066782,
   2.1744186521608153
  ],
  [
   -0.02832959043655394,
   0.9354091194834606,
   0.3524304378070561,
   -3.2481767848272622
  ],
  [
   0.22781585023770415,
   0.3493351648554509,
   -0.9088811148747051,
   17.21212951469818
  ]
 ],
 "templeR0027": [
  [
   -0.9730061501023298,
   0.03622616098536463,
   -0.2279181807651703,
   2.217597097360136
  ],
  [
   -0.018755535214692618,
   0.9719230213081563,
   0.2345503582389831,
   -2.186205366431102
  ],
  [
   0.2300157858970832,
   0.23249366854064504,
   -0.9450076361208198,
   17.52882937726525
  ]
 ],
 "templeR0028": [
  [
   -0.9736949528408462,
   0.01793699350838905,
   -0.22714841640685587,
   2.211748212782915
  ],
  [
   -0.00953332804151548,
   0.9928167694547043,
   0.11926431966844604,
   -1.1490385686642905
  ],
  [
   0.22765600029148195,
   0.11829254648288047,
   -0.9665296782706055,
   17.70151253901056
  ]
 ],
 "templeR0029": [
  [
   -0.9746124123220843,
   0.003750970121154211,
   -0.2238673177819349,
   2.1807214634605954
  ],
  [
   0.0029389873192892995,
   0.9999878396587843,
   0.003960162634836505,
   -0.1151320017631647
  ],
  [
   0.22387944993068185,
   0.003201680450561373,
   -0.9746115847562186,
   17.768115191815756
  ]
 ],
 "templeR0001": [
  [
   -0.9743497995623291,
   -0.010392626159590428,
   -0.22479871310653915,
   2.1875357876008934
  ],
  [
   0.014234281948929178,
   0.9940865838663311,
   -0.10765337428231027,
   0.8853725727449067
  ],
  [
   0.22458818604336134,
   -0.10809189191829231,
   -0.9684401321668143,
   17.696991934815482
  ]
 ],
 "templeR0030": [
  [
   -0.9745105498862491,
   -0.010488216931211778,
   -0.2240963753968459,
   2.1816924493555527
  ],
  [
   0.01454123776278698,
   0.9938529705031631,
   -0.10974891993256569,
   0.9035850606145841
  ],
  [
   0.22386991884736623,
   -0.11021011898933084,
   -0.9683676931350153,
   17.717403625076393
  ]
 ],
 "templeR0031": [
  [
   -0.9732781990935089,
   -0.024158413737172584,
   -0.22835480773349104,
   2.219025690913924
  ],
  [
   0.004698708623108918,
   0.9921469961247956,
   -0.12498904039082494,
   1.0317754124266347
  ],
  [
   0.22958107349381218,
   -0.12272208084223367,
   -0.9655215282774284,
   17.597293267666032
  ]
 ],
 "templeR0002": [
  [
   -0.9738113924648504,
   -0.032344479741380404,
   -0.22504489893336538,
   2.189102498602483
  ],
  [
   -0.0011625962156733543,
   0.9905244032046941,
   -0.13733191554050278,
   1.1394126467189052
  ],
  [
   0.2273543935702772,
   -0.1334737475545057,
   -0.9646215519249234,
   17.60606747119668
  ]
 ],
 "templeR0003": [
  [
   -0.9731149030875662,
   -0.056678233074592535,
   -0.2232374594113157,
   2.17399452014421
  ],
  [
   -0.019302864151923557,
   0.9859079872970967,
   -0.1661711166819316,
   1.3890537657905306
  ],
  [
   0.22950987957909144,
   -0.15739446775325336,
   -0.9604958077452816,
   17.549540237348467
  ]
 ],
 "templeR0004": [
  [
   -0.9714296014771241,
   -0.08085935401863564,
   -0.22312842544526862,
   2.1771592580389747
  ],
  [
   -0.038051552651235845,
   0.9810723862626854,
   -0.1898658796457914,
   1.5875209174137328
  ],
  [
   0.23425756917296414,
   -0.17595095276959674,
   -0.9561195811741569,
   17.544269249356603
  ]
 ],
 "templeR0005": [
  [
   -0.9699379981360976,
   -0.09824735567366774,
   -0.22263812987642412,
   2.1762263581411
  ],
  [
   -0.051714691863176565,
   0.977199856518292,
   -0.20592724702216425,
   1.7165845473726717
  ],
  [
   0.23779375605182818,
   -0.18822299945480248,
   -0.952904104335269,
   17.56531003164754
  ]
 ],
 "templeR0012": [
  [
   -0.9916672959504286,
   -0.12409671365568604,
   -0.03458294091346058,
   0.4592866438293117
  ],
  [
   0.09084890768162367,
   -0.4833343874819298,
   -0.8707091051841157,
   7.725717793920525
  ],
  [
   0.0913370139397006,
   -0.8665955663037553,
   0.49058095595656004,
   4.472378998987481
  ]
 ],
 "templeR0011": [
  [
   -0.9900425246208651,
   -0.13197848550273159,
   -0.048964056273444224,
   0.5887303452008248
  ],
  [
   0.09452394084028337,
   -0.3655345809599637,
   -0.9259857961818022,
   8.235624660519925
  ],
  [
   0.10431214718510187,
   -0.9213935909733847,
   0.37436990592568253,
   5.503381541456067
  ]
 ],
 "templeR0010": [
  [
   -0.9877212258566965,
   -0.14200488203470818,
   -0.06512598153159174,
   0.7373039649126046
  ],
  [
   0.09811113905714444,
   -0.23941558514185635,
   -0.9659474012512752,
   8.606924059469582
  ],
  [
   0.12157707179009652,
   -0.960476335507279,
   0.25040811597361323,
   6.618975326520958
  ]
 ],
 "templeR0009": [
  [
   -0.9859877852353034,
   -0.14452608390184712,
   -0.08330845358531967,
   0.9006777494211288
  ],
  [
   0.09921615095453261,
   -0.1065932919306134,
   -0.9893401970531485,
   8.82704940572696
  ],
  [
   0.13410534201346536,
   -0.9837428938434022,
   0.11943900558887888,
   7.7970188683521
  ]
 ],
 "templeR0008": [
  [
   -0.9840759763056998,
   -0.1442126123437512,
   -0.10390955345383139,
   1.086389035234295
  ],
  [
   0.10060100886571274,
   0.03006774251446298,
   -0.9944724067943187,
   8.879179748084214
  ],
  [
   0.14653978938562895,
   -0.9890898105334394,
   -0.01508100877728713,
   9.002039765404364
  ]
 ],
 "templeR0007": [
  [
   -0.98158494908765,
   -0.1446572089493519,
   -0.12476088979956457,
   1.2749550157543297
  ],
  [
   0.10015800299174198,
   0.16640420353349872,
   -0.9809577032079866,
   8.762727158604573
  ],
  [
   0.1626633399426612,
   -0.9753891187343469,
   -0.14885128448667406,
   10.208774590133057
  ]
 ],
 "templeR0006": [
  [
   -0.9820058251406499,
   -0.13012967856068758,
   -0.13686060845810752,
   1.3799054892991696
  ],
  [
   0.09328100414610661,
   0.29589501155184117,
   -0.9506549302476844,
   8.49580500939532
  ],
  [
   0.16420479181596778,
   -0.9463151741869237,
   -0.27843199788861706,
   11.333448820673008
  ]
 ],
 "templeR0040": [
  [
   0.9835242247336714,
   0.11594474336896553,
   0.13869720922620005,
   -1.2528001470156174
  ],
  [
   -0.09024207745286002,
   -0.34990685961376783,
   0.9324277757833167,
   -8.5190726818246
  ],
  [
   0.15664120409082533,
   -0.9295816295949141,
   -0.3336787783192703,
   11.868848695728575
  ]
 ],
 "templeR0041": [
  [
   0.9843607699170103,
   0.10118552010296841,
   0.14420598174098934,
   -1.3003862139375388
  ],
  [
   -0.079123389671,
   -0.47742831594774465,
   0.875100961225773,
   -8.005860770102707
  ],
  [
   0.15739556491642917,
   -0.872825122033499,
   -0.46195556333033355,
   13.021120371862972
  ]
 ]
}